# 排班：医生编号|日期(0..6)|时段(0上午 1下午)|最大接诊数
D1|0|0|15
D1|1|1|10
D1|2|0|15
D1|3|1|10
D1|4|0|15
D1|5|1|10
D1|6|0|15
D2|0|1|8
D2|1|0|12
D2|2|1|8
D2|3|0|12
D2|4|1|8
D2|5|0|12
D2|6|1|8
D3|0|0|9
D3|1|1|6
D3|2|0|9
D3|3|1|6
D3|4|0|9
D3|5|1|6
D3|6|0|9
D4|0|1|10
D4|1|0|15
D4|2|1|10
D4|3|0|15
D4|4|1|10
D4|5|0|15
D4|6|1|10
D5|0|0|12
D5|1|1|8
D5|2|0|12
D5|3|1|8
D5|4|0|12
D5|5|1|8
D5|6|0|12
D6|0|1|6
D6|1|0|9
D6|2|1|6
D6|3|0|9
D6|4|1|6
D6|5|0|9
D6|6|1|6
D7|0|0|15
D7|1|1|10
D7|2|0|15
D7|3|1|10
D7|4|0|15
D7|5|1|10
D7|6|0|15
D8|0|1|8
D8|1|0|12
D8|2|1|8
D8|3|0|12
D8|4|1|8
D8|5|0|12
D8|6|1|8
D9|0|0|9
D9|1|1|6
D9|2|0|9
D9|3|1|6
D9|4|0|9
D9|5|1|6
D9|6|0|9
D10|0|1|10
D10|1|0|15
D10|2|1|10
D10|3|0|15
D10|4|1|10
D10|5|0|15
D10|6|1|10
D11|0|0|12
D11|1|1|8
D11|2|0|12
D11|3|1|8
D11|4|0|12
D11|5|1|8
D11|6|0|12
D12|0|1|6
D12|1|0|9
D12|2|1|6
D12|3|0|9
D12|4|1|6
D12|5|0|9
D12|6|1|6
D13|0|0|15
D13|1|1|10
D13|2|0|15
D13|3|1|10
D13|4|0|15
D13|5|1|10
D13|6|0|15
D14|0|1|8
D14|1|0|12
D14|2|1|8
D14|3|0|12
D14|4|1|8
D14|5|0|12
D14|6|1|8
D15|0|0|9
D15|1|1|6
D15|2|0|9
D15|3|1|6
D15|4|0|9
D15|5|1|6
D15|6|0|9
D16|0|1|10
D16|1|0|15
D16|2|1|10
D16|3|0|15
D16|4|1|10
D16|5|0|15
D16|6|1|10
D17|0|0|12
D17|1|1|8
D17|2|0|12
D17|3|1|8
D17|4|0|12
D17|5|1|8
D17|6|0|12
D18|0|1|6
D18|1|0|9
D18|2|1|6
D18|3|0|9
D18|4|1|6
D18|5|0|9
D18|6|1|6
D19|0|0|15
D19|1|1|10
D19|2|0|15
D19|3|1|10
D19|4|0|15
D19|5|1|10
D19|6|0|15
D20|0|1|8
D20|1|0|12
D20|2|1|8
D20|3|0|12
D20|4|1|8
D20|5|0|12
D20|6|1|8
D21|0|0|9
D21|1|1|6
D21|2|0|9
D21|3|1|6
D21|4|0|9
D21|5|1|6
D21|6|0|9
D22|0|1|10
D22|1|0|15
D22|2|1|10
D22|3|0|15
D22|4|1|10
D22|5|0|15
D22|6|1|10
D23|0|0|12
D23|1|1|8
D23|2|0|12
D23|3|1|8
D23|4|0|12
D23|5|1|8
D23|6|0|12
D24|0|1|6
D24|1|0|9
D24|2|1|6
D24|3|0|9
D24|4|1|6
D24|5|0|9
D24|6|1|6
D25|0|0|15
D25|1|1|10
D25|2|0|15
D25|3|1|10
D25|4|0|15
D25|5|1|10
D25|6|0|15
D26|0|1|8
D26|1|0|12
D26|2|1|8
D26|3|0|12
D26|4|1|8
D26|5|0|12
D26|6|1|8
D27|0|0|9
D27|1|1|6
D27|2|0|9
D27|3|1|6
D27|4|0|9
D27|5|1|6
D27|6|0|9
D28|0|1|10
D28|1|0|15
D28|2|1|10
D28|3|0|15
D28|4|1|10
D28|5|0|15
D28|6|1|10
D29|0|0|12
D29|1|1|8
D29|2|0|12
D29|3|1|8
D29|4|0|12
D29|5|1|8
D29|6|0|12
D30|0|1|6
D30|1|0|9
D30|2|1|6
D30|3|0|9
D30|4|1|6
D30|5|0|9
D30|6|1|6
D31|0|0|15
D31|1|1|10
D31|2|0|15
D31|3|1|10
D31|4|0|15
D31|5|1|10
D31|6|0|15
D32|0|1|8
D32|1|0|12
D32|2|1|8
D32|3|0|12
D32|4|1|8
D32|5|0|12
D32|6|1|8
D33|0|0|9
D33|1|1|6
D33|2|0|9
D33|3|1|6
D33|4|0|9
D33|5|1|6
D33|6|0|9
D34|0|1|10
D34|1|0|15
D34|2|1|10
D34|3|0|15
D34|4|1|10
D34|5|0|15
D34|6|1|10
D35|0|0|12
D35|1|1|8
D35|2|0|12
D35|3|1|8
D35|4|0|12
D35|5|1|8
D35|6|0|12
D36|0|1|6
D36|1|0|9
D36|2|1|6
D36|3|0|9
D36|4|1|6
D36|5|0|9
D36|6|1|6
